15 10 4015 
100.0 220.0 90.0 400.0 300.0 400.0 205.0 120.0 160.0 580.0 400.0 140.0 100.0 1300.0 650.0 
8 24 13 80 70 80 45 15 28 90 130 32 20 120 40 
8 44 13 100 100 90 75 25 28 120 130 32 40 160 40 
3 6 4 20 20 30 8 3 12 14 40 6 3 20 5 
5 9 6 40 30 40 16 5 18 24 60 16 11 30 25 
5 11 7 50 40 40 19 7 18 29 70 21 17 30 25 
5 11 7 55 40 40 21 9 18 29 70 21 17 35 25 
0 0 1 10 4 10 0 6 0 6 32 3 0 70 10 
3 4 5 20 14 20 6 12 10 18 42 9 12 100 20 
3 6 9 30 29 20 12 12 10 30 42 18 18 110 20 
3 8 9 35 29 20 16 15 10 30 42 20 18 120 20 
550 700 130 240 280 310 110 205 260 275 
0.0 1.520618556701031 0.0 0.0 0.0 0.0 0.0 10.56701030927835 0.0 0.0 
